0
4
6
19
20
576
21
23
25
30
31
579
32
34
36
42
43
582
44
46
48
57
58
585
59
61
63
69
70
588
71
73
75
89
90
591
91
93
95
111
112
594
113
115
117
121
122
597
123
125
127
137
138
600
139
141
143
157
158
603
159
161
164
165
606
166
168
170
181
182
609
183
185
187
195
196
612
197
199
201
219
220
615
221
223
225
230
231
618
232
234
236
240
241
621
242
244
246
260
261
624
262
264
266
270
271
627
272
274
276
284
285
630
286
288
290
303
304
633
305
312
315
317
318
636
319
321
323
336
337
639
338
340
342
360
361
642
362
364
366
379
380
645
381
383
385
396
397
648
398
400
402
413
414
651
415
417
419
430
431
654
432
434
436
449
450
657
451
453
455
468
469
660
470
472
474
490
491
663
492
494
496
505
506
666
507
509
511
527
528
669
529
531
534
535
672
536
538
540
553
554
675
555
557
559
573
574
678
