0
4
6
19
20
21
23
25
30
31
32
34
36
42
43
44
46
48
57
58
59
61
63
69
70
71
73
75
89
90
91
93
95
111
112
113
115
117
121
122
123
125
127
137
138
139
141
143
157
158
159
161
164
165
166
168
170
181
182
183
185
187
195
196
197
199
201
219
220
221
223
225
230
231
232
234
236
240
241
242
244
246
260
261
262
264
266
270
271
272
274
276
284
285
286
288
290
303
304
305
312
315
317
318
319
321
323
336
337
338
340
342
360
361
362
364
366
379
380
381
383
385
396
397
398
400
402
413
414
415
417
419
430
431
432
434
436
449
450
451
453
455
468
469
470
472
474
490
491
492
494
496
505
506
507
509
511
527
528
529
531
534
535
536
538
540
553
554
555
557
559
573
574
